paimaiId=13044176
maxPrice=1211
mode=1
incrementPerTime=2
aheadTime=1430
cookie=dmpjs=dmp-d95040c5e2091e33c64fa601c9f44dac4d1d0e; user-key=3d893df3-db5f-472e-a579-42e22c1e0e07; TrackID=1OQeksYRXGv1PrfuIEQ4xe-YbejM_5gtDaYmPFlCGgfVMnOrvoGy9f-wf0mQNtly0f2eOhv23ikThmfRH7b1iag; pinId=OvyvcvqKtLw; pin=redzero; unick=redzero; _tp=rDt7NYk95OCnwGetaNWONw%3D%3D; _pst=redzero; ceshi3.com=hVSTwM4PmOmK7nna9uDEcCMXhbdkyQNp2Zbl1ij0xdA; unpl=V2_ZzNtbUtTRhUnDRJXehsMVmIDRlRLVhAWcA1EAX5MCQAyBhpVclRCFXIUR11nGl4UZgsZWEJcQRJFCHZReBFVNTVTfA0SOQtMGwhAUkspXwVXCiJdQ1ZDFHMBQlF7KWwCVwARXEpQRBJFSx4EJFwPWy8zFFVCVEYVcDhHZHopCmtnAhNcQ1ZCEXEOC1R6GFwEYQoWWEJnQiV2; __jdv=122270672|go.smzdm.com|t_4298_ca_aa_yh_177|tuiguang|8541c4e203ab41e880b2443d4dd4d499; mt_xid=V2_52007VwMTU11ZVFMbTBlsUjNUE1NZXwJGFhkeVBliVhMCQQtaChlVGQhRZVQTUw4LU1hNeRpdBWAfE1tBW1BLHkESWQVsARtiX2hRahtKH1wAYDMSVlw%3D; ipLoc-djd=2-2817-51973-0.3324236; cn=11; ipLocation=%u4E0A%u6D77; areaId=2; thor=A6564A82574E8421F585C3233D9AE6F25460097E52538E52BE17983B1F2339DD590FC65E4BB6D2023A4EF9FC821016A708301F472D22D82D50B3B345513B209831E9A5C2FCBC84BAF411955BC3AB7506142BE1662CB3EDBC130706FF29418EFC693268CF55EC1AC576482354EA884C09A67AEA4E746E4AC496B4BE63529AC05C02EAAD61BA8E0F52588999E27379CAE5; __jda=122270672.1001078541.1468809571.1471934129.1471939816.186; __jdb=122270672.8.1001078541|186.1471939816; __jdc=122270672; __jdu=1001078541

