paimaiId=12882923
maxPrice=100
incrementPerTime=3
aheadTime=1480
cookie=__jdv=122270672|direct|-|none|-; _jrda=1; _jrdb=1468817966079; 3AB9D23F7A4B3C9B=21DE77D31C7BBEF5BA1EB1C3E7E072EEDC3D58637113E31ED4C3AFA9CBBFBE8746867DC2B474EB5D8F1714D9A8B7F022; thor=63C38F673BDFA084BE3855C31C8A7444AB418A79AE3708D1D21E64C11D0131A254A4AF1372CD7BF8B6B47DF40CF1918C2CAD513C6378908F69E9C0E01C8BCF334336B40FB1DB376EF5653D64C62489DB261A006EB0F6EAD469EE35E69BD99A4A7050DFFD266A7B562D6378E87FAFA6BB3ACED86F7020DA6DD3B9623D9C1A70518F31E0962068B858B8DA0312E7E47082; _tp=rDt7NYk95OCnwGetaNWONw%3D%3D; unick=redzero; _pst=redzero; TrackID=1Czg1bpG1tZPAIDd_8MrJoox5Tq98hRQ2acuSuGA1ZgKDYPVJMVTcvO8e2R-CVnIc57kLhyl8rUPCPI9Zqqp_NQ; pinId=OvyvcvqKtLw; ceshi3.com=hVSTwM4PmOmK7nna9uDEcCMXhbdkyQNp2Zbl1ij0xdA; pin=redzero; __jdu=1001078541; __jda=122270672.1001078541.1468809571.1468812536.1468816633.2; __jdb=122270672.25.1001078541|2.1468816633; __jdc=122270672

