paimaiId=13044157
maxPrice=311
incrementPerTime=2
aheadTime=1350
cookie=jdAddrId=; jdAddrName=; __utmz=122270672.1466255907.1.1.utmcsr=trade-e.jd.com|utmccn=(referral)|utmcmd=referral|utmcct=/order/showOrder.action; _tp=rDt7NYk95OCnwGetaNWONw%3D%3D; unick=redzero; _pst=redzero; TrackID=1FoxSs4VvS_vwb9a5UzWE42EEmCNwf6bREkilF1aRaFPsv4wkODw2CL-Bn5pnEQH-BRRjgfOkprY6N0Z7VFP3uQ; pinId=OvyvcvqKtLw; pin=redzero; rodZd=%7B%7D; unpl=V2_ZzNtbUZRQhJ1ChZSLhtYVWILEFRLAEYXIQFGXHIaCAFuB0YIclRCFXIUR11nGF8UZAMZWURcRxJFCHZReBFVNTVTfA4ROQtHGwhAUkspXwVXCiJdQ1VAE3cJR1Z8KWwCVwAXVENQRhJFSx4EJFwPWy8zFFVCVEYVcDhHZHopCmtnAhNcQ1ZCEXwLC1R6G18DZQITX0VnQiV2; __jdv=122270672|go.smzdm.com|t_4298_ca_bb_yc_177|tuiguang|570613a7d35a49388f43e81982e585ed; mt_xid=V2_52007VwMTUF5eUFseSx5sAGRRFgddDFBGGksZWxliVkYBQQsFWR5VSwkAM1dBBQpZWgkceRpdBWAfE1tBWVFLHEoSXQRsARpiX2hRahtKH1wAYDMSVlw%3D; ipLocation=%u4E0A%u6D77; areaId=2; ipLoc-djd=2-2817-51973-0; user-key=7f944e62-8fd6-4b1b-b4a8-19bade723fbd; cn=6; thor=7C1BF36C531A2B5AE1E5B8D72262A00625A136EA851E9D5006F0EE9433184187A010352DC5394A83B58A9683A8A6760221A2A5950079F30B8EDC26F374FB1ACC745F8E73B24BC1969FFF6E0685254A3121D297464A727C56F38149591FEEF34ABBFB1850CCBD6E951F33EDC40C9A778C0CC397EA7594FAFC2C0D9925589DECCE7876FDAF6BC44A4E5AA6EA3866978537; __jda=122270672.1032730036.1439630528.1470231486.1470364451.370; __jdb=122270672.144.1032730036|370.1470364451; __jdc=122270672; __jdu=1032730036

